СПб
378
376
388
366

Ярославль
456
541
466
533

Москва
383
589
395
577

Тула
343
499
354
491

Рязань
407
520
420
512

НН
494
510
507
498

Липецк
342
561
356
550

Воронеж
324
609
337
596

Волгоград
378
746
391
735

Астрахань
388
871
402
862

Краснодар
188
779
200
770

Севастополь
52
708
68
695

Ростов-на-Дону
227
726
241
716

Пенза
455
470
469
460

Саратов
469
560
484
547

Ульяновск
524
485
538
473

Казань
578
448
592
435

Самара
572
542
588
531

Тольятти
581
518
596
508

Набережные Челны
623
464
638
456

Оренбург
620
636
633
624

Ижевск
681
430
694
419

Уфа
694
533
707
521

Пермь
760
429
775
417

Екатеринбург
827
499
840
485

Челябинск
793
593
808
583

Тюмень
948
554
960
544

Омск
1061
660
1077
650

Новосибирск
1243
697
1260
685

Томск
1294
630
1306
619

Барнаул
1248
787
1260
774

Новокузнецк
1354
745
1367
734

Кемерово
1335
686
1347
674

Красноярск
1479
683
1491
671

Иркутск
892
766
903
758

Хабаровск
1620
699
1635
690

Владивосток
1633
898
1643
889